Numero,goccia,tempo,di,discesa,(-),e,salita,(+),distanza,(mm),d.d.p.(V),temp,(gradi)
1,-16.6,0.5,511,24
1,9.5,0.5,511,24
1,-16.3,0.5,511,24
1,9.0,0.5,511,24
2,-16.1,0.5,511,24
2,10.6,0.5,511,24
2,-14.3,0.5,511,24
2,-13.1,0.5,511,24
2,10.3,0.5,511,24
3,-9.2,0.5,511,24
3,3.0,0.5,511,24
3,-9.0,0.5,511,24
3,3.2,0.5,511,24
3,-8.8,0.5,511,24
3,3.0,0.5,511,24
3,-9.0,0.5,511,24
3,3.2,0.5,511,24
3,-8.8,0.5,511,24
3,3.1,0.5,511,24
3,-9.0,0.5,511,24
3,3.0,0.5,511,24
3,-9.1,0.5,511,24
3,-9.0,0.5,511,24
3,-9.2,0.5,511,24
3,-9.1,0.5,511,24
3,-9.9,0.5,511,24
3,-9.0,0.5,511,24
3,-8.8,0.5,511,24
4,-16.0,0.5,512,24
4,3.2,0.5,512,24
4,-17.1,0.5,512,24
4,3.0,0.5,512,24
4,-17.7,0.5,512,24
4,3.3,0.5,512,24
4,-15.3,0.5,512,24
4,3.1,0.5,512,24
4,-16.7,0.5,512,24
4,3.3,0.5,512,24
4,-15.6,0.5,512,24
4,-16.8,0.5,512,24
4,-17.5,0.5,512,24
4,-15.9,0.5,512,24
4,-16.9,0.5,512,24
4,-16.4,0.5,512,24
4,-15.3,0.5,512,24
4,-16.0,0.5,512,24
4,-15.8,0.5,512,24
4,-17.7,0.5,512,24
4,-17.4,0.5,512,24
4,-15.0,0.5,512,24
5,-13.0,0.5,512,24
5,13.8,0.5,512,24
5,-12.0,0.5,512,24
5,14.2,0.5,512,24
5,-14.4,0.5,512,24
5,14.0,0.5,512,24
5,-14.4,0.5,512,24
5,-14.2,0.5,512,24
5,-14.2,0.5,512,24
5,-13.8,0.5,512,24
5,-13.0,0.5,512,24
5,-13.2,0.5,512,24
5,-12.4,0.5,512,24
5,-14.6,0.5,512,24
5,-14.2,0.5,512,24
5,-13.6,0.5,512,24
5,-15.4,0.5,512,24
5,-12.3,0.5,512,24
5,-13.7,0.5,512,24
5,-13.5,0.5,512,24
5,-13.8,0.5,512,24
5,-11.6,0.5,512,24
5,-12.9,0.5,512,24
5,-13.7,0.5,512,24
5,-12.6,0.5,512,24
5,-13.0,0.5,512,24
5,-12.5,0.5,512,24
5,-14.0,0.5,512,24
6,-14.2,1,513,24
6,13.3,1,513,24
6,-15.0,1,513,24
6,13.8,1,513,24
6,-15.0,1,513,24
6,-14.5,1,513,24
6,-15.0,1,513,24
6,-14.8,1,513,24
6,-15.5,1,513,24
6,-14.9,1,513,24
6,-15.4,1,513,24
6,-14.7,1,513,24
6,-14.8,1,513,24
6,-14.7,1,513,24
6,-14.9,1,513,24
6,-15.0,1,513,24
6,-14.8,1,513,24
6,-14.2,1,513,24
6,-14.8,1,513,24
6,-14.2,1,513,24
6,-13.7,1,513,24
6,-14.2,1,513,24
7,-20.7,0.5,513,24
7,1.0,0.5,513,24
7,-28.2,0.5,513,24
7,1.1,0.5,513,24
7,-22.5,0.5,513,24
8,-9.6,0.5,513,24
8,3.6,0.5,513,24
8,4.1,0.5,513,24
8,3.9,0.5,513,24
8,-10.4,0.5,513,24
8,3.7,0.5,513,24
8,-9.8,0.5,513,24
8,4.0,0.5,513,24
8,-9.9,0.5,513,24
8,4.2,0.5,513,24
9,-32.8,1,513,24
9,16.5,1,513,24
9,-34.0,1,513,24
9,17.2,1,513,24
9,-36.0,1,513,24
9,-34.6,1,513,24
9,-33.8,1,513,24
9,-34.6,1,513,24
9,-32.0,1,513,24
10,-17.5,0.5,513,24
10,3.2,0.5,513,24
10,-17.5,0.5,513,24
10,3.3,0.5,513,24
10,-16.5,0.5,513,24
10,-17.7,0.5,513,24
10,-17.5,0.5,513,24
10,-18.6,0.5,513,24
10,-17.3,0.5,513,24
10,-17.0,0.5,513,24
10,-17.8,0.5,513,24
10,-18.8,0.5,513,24
10,-18.2,0.5,513,24
10,-20.0,0.5,513,24
10,-17.7,0.5,513,24
10,-16.5,0.5,513,24
10,-15.8,0.5,513,24
10,-15.8,0.5,513,24
10,-16.3,0.5,513,24
10,-14.9,0.5,513,24
10,-17.7,0.5,513,24
10,-16.9,0.5,513,24
10,-18.9,0.5,513,24
10,-17.4,0.5,513,24
10,-15.3,0.5,513,24
11,-9.2,0.5,511,24
11,-9.0,0.5,511,24
11,-8.8,0.5,511,24
11,-9.0,0.5,511,24
11,-8.8,0.5,511,24
11,-9.0,0.5,511,24
11,-9.1,0.5,511,24
11,2.2,0.5,511,24
11,-9.0,0.5,511,24
11,1.8,0.5,511,24
11,-9.2,0.5,511,24
11,1.8,0.5,511,24
11,-9.1,0.5,511,24
11,1.5,0.5,511,24
11,-9.9,0.5,511,24
11,1.6,0.5,511,24
11,-9.0,0.5,511,24
11,1.5,0.5,511,24
11,-8.8,0.5,511,24
11,1.5,0.5,511,24
12,-16.0,0.5,512,24
12,-17.1,0.5,512,24
12,-17.7,0.5,512,24
12,-15.3,0.5,512,24
12,-16.7,0.5,512,24
12,-15.6,0.5,512,24
12,2.1,0.5,512,24
12,-16.8,0.5,512,24
12,2.0,0.5,512,24
12,-17.5,0.5,512,24
12,2.0,0.5,512,24
12,-15.9,0.5,512,24
12,2.0,0.5,512,24
12,-16.9,0.5,512,24
12,2.1,0.5,512,24
12,-16.4,0.5,512,24
12,2.0,0.5,512,24
12,-15.3,0.5,512,24
12,2.2,0.5,512,24
12,-16.0,0.5,512,24
12,2.1,0.5,512,24
12,-15.8,0.5,512,24
12,2.0,0.5,512,24
12,-17.7,0.5,512,24
12,2.1,0.5,512,24
12,-17.4,0.5,512,24
12,1.6,0.5,512,24
12,-15.0,0.5,512,24
13,-13.0,0.5,512,24
13,-12.0,0.5,512,24
13,-14.4,0.5,512,24
13,-14.4,0.5,512,24
13,3.2,0.5,512,24
13,-14.2,0.5,512,24
13,3.0,0.5,512,24
13,-14.2,0.5,512,24
13,2.8,0.5,512,24
13,-13.8,0.5,512,24
13,3.0,0.5,512,24
13,-13.0,0.5,512,24
13,3.0,0.5,512,24
13,-13.2,0.5,512,24
13,3.0,0.5,512,24
13,-12.4,0.5,512,24
13,2.8,0.5,512,24
13,-14.6,0.5,512,24
13,2.0,0.5,512,24
13,-14.2,0.5,512,24
13,2.0,0.5,512,24
13,-13.6,0.5,512,24
13,2.2,0.5,512,24
13,-15.4,0.5,512,24
13,2.1,0.5,512,24
13,-12.3,0.5,512,24
13,2.1,0.5,512,24
13,-13.7,0.5,512,24
13,2.1,0.5,512,24
13,-13.5,0.5,512,24
13,2.1,0.5,512,24
13,-13.8,0.5,512,24
13,2.1,0.5,512,24
13,-11.6,0.5,512,24
13,2.1,0.5,512,24
13,-12.9,0.5,512,24
13,2.1,0.5,512,24
13,-13.7,0.5,512,24
13,1.8,0.5,512,24
13,-12.6,0.5,512,24
13,1.8,0.5,512,24
13,-13.0,0.5,512,24
13,1.6,0.5,512,24
13,-12.5,0.5,512,24
13,1.7,0.5,512,24
13,-14.0,0.5,512,24
13,1.6,0.5,512,24
14,-14.2,1,513,24
14,-15.0,1,513,24
14,-15.0,1,513,24
14,3.9,1,513,24
14,-14.5,1,513,24
14,4.0,1,513,24
14,-15.0,1,513,24
14,3.8,1,513,24
14,-14.8,1,513,24
14,4.0,1,513,24
14,-15.5,1,513,24
14,3.9,1,513,24
14,-14.9,1,513,24
14,3.9,1,513,24
14,-15.4,1,513,24
14,3.9,1,513,24
14,4.0,1,513,24
14,-14.7,1,513,24
14,3.9,1,513,24
14,-14.8,1,513,24
14,2.8,1,513,24
14,-14.7,1,513,24
14,2.8,1,513,24
14,-14.9,1,513,24
14,2.9,1,513,24
14,-15.0,1,513,24
14,2.8,1,513,24
14,-14.8,1,513,24
14,2.9,1,513,24
14,-14.2,1,513,24
14,2.9,1,513,24
14,-14.8,1,513,24
14,2.8,1,513,24
14,-14.2,1,513,24
14,2.9,1,513,24
14,-13.7,1,513,24
14,2.9,1,513,24
14,-14.2,1,513,24
14,2.9,1,513,24
15,-32.8,1,513,24
15,-34.0,1,513,24
15,-36.0,1,513,24
15,7.0,1,513,24
15,-34.6,1,513,24
15,6.8,1,513,24
15,-33.8,1,513,24
15,-34.6,1,513,24
15,-32.0,1,513,24
15,6.8,1,513,24
16,-32.8,1,513,24
16,-34.0,1,513,24
16,-36.0,1,513,24
16,-34.6,1,513,24
16,-33.8,1,513,24
16,3.2,1,513,24
16,-34.6,1,513,24
16,4.2,1,513,24
16,-32.0,1,513,24
16,4.4,1,513,24
17,-17.5,0.5,513,24
17,-17.5,0.5,513,24
17,-16.5,0.5,513,24
17,1.6,0.5,513,24
17,-17.7,0.5,513,24
17,1.6,0.5,513,24
17,-17.5,0.5,513,24
17,1.5,0.5,513,24
17,-18.6,0.5,513,24
17,1.2,0.5,513,24
17,-17.3,0.5,513,24
17,1.0,0.5,513,24
17,-17.0,0.5,513,24
17,1.2,0.5,513,24
17,-17.8,0.5,513,24
17,1.1,0.5,513,24
17,-18.8,0.5,513,24
17,1.0,0.5,513,24
17,-18.2,0.5,513,24
17,1.0,0.5,513,24
17,-20.0,0.5,513,24
17,0.9,0.5,513,24
17,-17.7,0.5,513,24
17,0.8,0.5,513,24
17,-16.5,0.5,513,24
17,0.8,0.5,513,24
17,-15.8,0.5,513,24
17,0.9,0.5,513,24
17,-15.8,0.5,513,24
17,-16.3,0.5,513,24
17,1.0,0.5,513,24
17,-14.9,0.5,513,24
17,0.7,0.5,513,24
17,-17.7,0.5,513,24
17,0.9,0.5,513,24
17,-16.9,0.5,513,24
17,0.8,0.5,513,24
17,-18.9,0.5,513,24
17,0.7,0.5,513,24
17,-17.4,0.5,513,24
17,0.9,0.5,513,24
17,-15.3,0.5,513,24
17,1.0,0.5,513,24
18,-60.6,1,510,24
18,4.12,1,510,24
18,-58.76,1,510,24
18,2.65,1,510,24
19,4.01,1,510,24
19,-43.89,1,510,24
19,6.41,1,510,24
19,-45.82,1,510,24
19,5.76,1,510,24
19,-45.95,1,510,24
19,-42.23,1,510,24
20,-44,1,510,24
20,-45.61,1,510,24
20,13.89,1,510,24
20,-42.72,1,510,24
20,15,1,510,24
20,-39.94,1,510,24
20,14.95,1,510,24
20,-41.31,1,510,24
20,13.81,1,510,24
20,-44.07,1,510,24
21,19.65,1,510,24
21,-12.37,1,510,24
21,20.83,1,510,24
21,-12.65,1,510,24
21,21.38,1,510,24
22,29.64,1,512,24
22,-28.54,1,512,24
22,31.48,1,512,24
22,-27.18,1,512,24
22,28.33,1,512,24
22,-27.14,1,512,24
23,-36.3,1,512,24
23,18.43,1,512,24
23,-34.89,1,512,24
23,17.28,1,512,24
23,-35.73,1,512,24
23,16.25,1,512,24
23,-37.26,1,512,24
24,-17.9,1,512,24
24,4.83,1,512,24
24,-18.1,1,512,24
24,5.01,1,512,24
25,-45.36,1,512,24
25,2.64,1,512,24
25,-40.24,1,512,24
25,2.03,1,512,24
26,-13.59,1,512,24
26,5.31,1,512,24
26,-13.63,1,512,24
26,4.94,1,512,24
26,-14.15,1,512,24
27,-18.72,1,512,24
27,-19.14,1,512,24
27,21.28,1,512,24
27,-18.25,1,512,24
27,20.41,1,512,24
27,-18.8,1,512,24
28,9.66,1,512,24
28,-17.57,1,512,24
28,9.33,1,512,24
28,-18,1,512,24
28,9.43,1,512,24
28,-17.92,1,512,24
28,10.05,1,512,24
28,-17.97,1,512,24
28,9.84,1,512,24
28,-18.95,1,512,24
28,9.76,1,512,24
28,-18.26,1,512,24
29,9.18,1,512,24
29,-29.41,1,512,24
29,8.95,1,512,24
29,-29.94,1,512,24
29,9.52,1,512,24
30,6.61,1,512,24
30,-23.99,1,512,24
30,6.64,1,512,24
30,-23.91,1,512,24
30,-25.36,1,512,24
30,-23.54,1,512,24
31,-20.86,1,512,24
31,7.84,1,512,24
31,-20.9,1,512,24
31,7.74,1,512,24
32,-23.99,1,512,24
32,-23.91,1,512,24
32,11.31,1,512,24
32,-25.36,1,512,24
32,11.36,1,512,24
32,-23.54,1,512,24
33,-31.16,1,510,22
33,6.04,1,510,22
33,-34.89,1,510,22
33,5.29,1,510,22
33,-34.26,1,510,22
33,5.17,1,512,23
33,-36.7,1,512,23
33,5.32,1,512,23
33,-36.18,1,511,23
33,5.04,1,513,23.5
34,-77.55,1,513,23.5
34,10.1,1,513,23.5
34,-69.54,1,513,24
34,10.96,1,513,24
34,-60.13,1,513,24
34,10.44,1,513,24
34,-62.44,1,513,24
34,9.94,1,513,24
35,-63.06,1,513,24
35,6.17,1,513,24
35,-58.83,1,513,24
35,5.46,1,513,24
35,-62.71,1,513,24
35,6.33,1,513,24
36,-58.14,1,513,24
36,5.67,1,513,24
36,-53.45,1,513,24
36,5.64,1,513,24
36,-62.29,1,513,24
36,5.55,1,513,24
36,-64.25,1,513,24
36,5.6,1,513,24
36,-68.58,1,513,24
36,5.01,1,513,24
36,-64.02,1,513,24
36,5.67,1,513,24
36,-52.73,1,513,24
36,5.42,1,513,24
36,-58.87,1,513,24
36,5.37,1,513,24
36,-53.3,1,513,24
36,5.05,1,513,24
36,-59.54,1,513,24
36,5.26,1,513,24
36,-59.36,1,513,24
36,5.52,1,513,24
36,-55.82,1,513,24
36,5.2,1,513,24
36,-42.87,1,513,24
37,-24.55,1,513,24
37,2.68,1,513,24
37,-25.49,1,513,24
37,2.81,1,513,24
37,-25.69,1,513,24
37,2.8,1,513,24
37,-26.79,1,513,24
37,2.99,1,513,24
38,-18.85,1,513,24
38,3.26,1,513,24
38,-17.48,1,513,24
38,3.39,1,513,24
38,-18.76,1,513,24
38,3.36,1,513,24
38,-19.86,1,513,24
38,2.96,1,513,24
38,-20.45,1,513,24
38,3.31,1,513,24
38,-18.9,1,513,24
38,3.43,1,513,24
38,-20.66,1,513,24
38,3.22,1,513,24
38,-19.23,1,513,24
38,3.28,1,513,24
38,-19.63,1,513,24
38,3.33,1,513,24
39,-59.67,1,513,24
39,11.34,1,513,24
39,-54.28,1,513,24
39,11.53,1,513,24
39,-68.51,1,513,24
39,11.53,1,513,24
39,-53.41,1,513,24
39,11.69,1,513,24
39,-60.56,1,513,24
39,10.63,1,513,24
39,-60.08,1,513,24
39,11.84,1,513,24
40,-61.97,1,513,24
40,11.48,1,513,24
40,-66.97,1,513,24
40,10.75,1,513,24
42,-52.3,1,512,24
42,6.97,1,512,24
42,-55.86,1,512,24
42,7.61,1,512,24
43,-51.6,1,512,24
43,7.73,1,512,24
43,-54.27,1,512,24
43,6.24,1,512,24
44,-48.08,1,512,24
44,5.05,1,512,24
44,-47.32,1,512,24
44,5.3,1,512,24
45,5.79,1,512,24
45,-44.36,1,512,24
45,6.25,1,512,24
45,5.62,1,512,24
45,-44.15,1,512,24
45,6.16,1,512,24
45,-44.8,1,512,24
45,5.88,1,512,24
45,-46.1,1,512,24
45,6.04,1,512,24
46,-46.61,1,512,24
46,7.31,1,512,24
46,-47.1,1,512,24
46,6.93,1,512,24
46,-46.23,1,512,24
46,7.53,1,512,24
46,-46.98,1,512,24
46,7.1,1,512,24
47,12.02,1,512,24
47,-38.22,1,512,24
47,11.51,1,512,24
47,-41.25,1,512,24
47,12.03,1,512,24
47,-37.1,1,512,24
47,12.16,1,512,24
47,-40.42,1,512,24
47,12.07,1,512,24
47,-38.5,1,512,24
48,-50.27,1,512,24
48,8.31,1,512,24
48,-51.1,1,512,24
48,7.9,1,512,24
48,-50.87,1,512,24
48,8.23,1,512,24
48,-49.97,1,512,24
48,8.53,1,512,24
49,3.18,1,512,24
49,-40.97,1,512,24
49,3.71,1,512,24
49,-41.23,1,512,24
49,-40.57,1,512,24
49,3.54,1,512,24
50,4.81,1,512,24
50,-39.96,1,512,24
50,4.87,1,512,24
50,-42.38,1,512,24
51,-44.23,1,512,24
51,-43.94,1,512,24
51,6.67,1,512,24
51,-44.51,1,512,24
51,6.23,1,512,24
51,-43.87,1,512,24
51,7.03,1,512,24
51,6.81,1,512,24
52,-14.89,1,504,24
52,15.27,1,504,24
52,-15.39,1,504,24
52,15.37,1,504,24
52,-15.67,1,504,24
52,14.42,1,504,24
53,-32.17,1,504,24
53,5.74,1,504,24
53,-34.11,1,504,24
53,5.78,1,504,24
53,-32.93,1,504,24
53,5.74,1,504,24
53,-34.27,1,504,24
53,5.72,1,504,24
53,-32.84,1,504,24
53,5.57,1,504,24
53,-30.96,1,504,24
53,5.86,1,504,24
54,-67.79,1,504,24
54,10.96,1,504,24
54,-62.75,1,504,24
54,11.73,1,504,24
54,-65.62,1,504,24
55,-32.23,1,504,24
55,8.70,1,504,24
55,-33.80,1,504,24
55,8.62,1,504,24
55,-31.69,1,504,24
55,9.01,1,504,24
